<!DOCTYPE html>
<html lang="en">
  <head>
    <meta charset="utf-8">
    <title>CREATE_TOUR</title>
<style>
      html, body {
        box-sizing: border-box;
        height: 100%;
        margin: 0;
        padding: 0;
      }
    </style>
    <script type="text/javascript" src="https://cdn.bokeh.org/bokeh/release/bokeh-3.0.3.min.js"></script>
    <script type="text/javascript" src="https://cdn.bokeh.org/bokeh/release/bokeh-widgets-3.0.3.min.js"></script>
    <script type="text/javascript">
        Bokeh.set_log_level("info");
    </script>
  </head>
  <body>
    <div id="418a204e-0a56-4fc8-a45d-be31146e2e10" data-root-id="p1923" style="display: contents;"></div>
  
    <script type="application/json" id="p2192">
      {"f91b9b68-6c0e-4d90-8d72-18bc5aa50f56":{"version":"3.0.3","title":"Bokeh Application","defs":[],"roots":[{"type":"object","name":"GridPlot","id":"p1923","attributes":{"toolbar":{"type":"object","name":"Toolbar","id":"p1922","attributes":{"logo":null,"tools":[{"type":"object","name":"PanTool","id":"p1837"},{"type":"object","name":"WheelZoomTool","id":"p1838"},{"type":"object","name":"BoxZoomTool","id":"p1839","attributes":{"overlay":{"type":"object","name":"BoxAnnotation","id":"p1840","attributes":{"syncable":false,"level":"overlay","visible":false,"left_units":"canvas","right_units":"canvas","bottom_units":"canvas","top_units":"canvas","line_color":"black","line_alpha":1.0,"line_width":2,"line_dash":[4,4],"fill_color":"lightgrey","fill_alpha":0.5}}}},{"type":"object","name":"SaveTool","id":"p1921"},{"type":"object","name":"ResetTool","id":"p1842"},{"type":"object","name":"HelpTool","id":"p1843"},{"type":"object","name":"HoverTool","id":"p1888","attributes":{"renderers":[{"type":"object","name":"GlyphRenderer","id":"p1864","attributes":{"data_source":{"type":"object","name":"ColumnDataSource","id":"p1855","attributes":{"selected":{"type":"object","name":"Selection","id":"p1856","attributes":{"indices":[],"line_indices":[]}},"selection_policy":{"type":"object","name":"UnionRenderers","id":"p1857"},"data":{"type":"map","entries":[["x",[0,2,4,8,12,14,18,10,14,19,19,10,12,17,13,18,12,20]],["y",[8,5,2,6,7,8,9,6,7,7,6,4,6,6,4,2,0,1]],["name",["(0, 8)","(2, 5)","(4, 2)","(8, 6)","(12, 7)","(14, 8)","(18, 9)","(10, 6)","(14, 7)","(19, 7)","(19, 6)","(10, 4)","(12, 6)","(17, 6)","(13, 4)","(18, 2)","(12, 0)","(20, 1)"]],["line_color",["#003c8f","#003c8f","#003c8f","#003c8f","#003c8f","#003c8f","#003c8f","#003c8f","#003c8f","#003c8f","#003c8f","#003c8f","#003c8f","#003c8f","#003c8f","#003c8f","#003c8f","#003c8f"]],["line_width",[3,3,3,3,3,3,3,3,3,3,3,3,3,3,3,3,3,3]],["fill_color",["#5e92f3","#5e92f3","#5e92f3","#5e92f3","#5e92f3","#5e92f3","#5e92f3","#5e92f3","#5e92f3","#5e92f3","#5e92f3","#5e92f3","#5e92f3","#5e92f3","#5e92f3","#5e92f3","#5e92f3","#5e92f3"]]]}}},"view":{"type":"object","name":"CDSView","id":"p1865","attributes":{"filter":{"type":"object","name":"AllIndices","id":"p1866"}}},"glyph":{"type":"object","name":"Circle","id":"p1861","attributes":{"x":{"type":"field","field":"x"},"y":{"type":"field","field":"y"},"size":{"type":"value","value":11},"line_color":{"type":"field","field":"line_color"},"line_width":{"type":"field","field":"line_width"},"fill_color":{"type":"field","field":"fill_color"}}},"nonselection_glyph":{"type":"object","name":"Circle","id":"p1862","attributes":{"x":{"type":"field","field":"x"},"y":{"type":"field","field":"y"},"size":{"type":"value","value":11},"line_color":{"type":"field","field":"line_color"},"line_width":{"type":"field","field":"line_width"},"fill_color":{"type":"field","field":"fill_color"},"hatch_alpha":{"type":"value","value":0.1}}},"muted_glyph":{"type":"object","name":"Circle","id":"p1863","attributes":{"x":{"type":"field","field":"x"},"y":{"type":"field","field":"y"},"size":{"type":"value","value":11},"line_color":{"type":"field","field":"line_color"},"line_alpha":{"type":"value","value":0.2},"line_width":{"type":"field","field":"line_width"},"fill_color":{"type":"field","field":"fill_color"},"fill_alpha":{"type":"value","value":0.2},"hatch_alpha":{"type":"value","value":0.2}}}}}],"tooltips":[["Index","$index"],["Name","@name"]]}},{"type":"object","name":"HoverTool","id":"p1890","attributes":{"renderers":[{"id":"p1864"}],"callback":{"type":"object","name":"CustomJS","id":"p1889","attributes":{"args":{"type":"map","entries":[["source",{"type":"object","name":"ColumnDataSource","id":"p1867","attributes":{"selected":{"type":"object","name":"Selection","id":"p1868","attributes":{"indices":[],"line_indices":[]}},"selection_policy":{"type":"object","name":"UnionRenderers","id":"p1869"},"data":{"type":"map","entries":[["visited",[]],["unvisited",[0,1,2,3,4,5,6,7,8,9,10,11,12,13,14,15,16,17]],["tree_edges",[]],["edge_ids",[]],["clicked",[]]]}}}]]},"code":"source.data['last_index'] = cb_data.index.indices[0]"}},"tooltips":null}},{"type":"object","name":"TapTool","id":"p1892","attributes":{"renderers":[{"id":"p1864"}],"callback":{"type":"object","name":"CustomJS","id":"p1891","attributes":{"args":{"type":"map","entries":[["source",{"id":"p1867"}],["nodes_src",{"id":"p1855"}],["tour_src",{"type":"object","name":"ColumnDataSource","id":"p1873","attributes":{"selected":{"type":"object","name":"Selection","id":"p1874","attributes":{"indices":[],"line_indices":[]}},"selection_policy":{"type":"object","name":"UnionRenderers","id":"p1875"},"data":{"type":"map","entries":[["edges_x",[]],["edges_y",[]]]}}}],["cost_matrix",{"type":"object","name":"ColumnDataSource","id":"p1870","attributes":{"selected":{"type":"object","name":"Selection","id":"p1871","attributes":{"indices":[],"line_indices":[]}},"selection_policy":{"type":"object","name":"UnionRenderers","id":"p1872"},"data":{"type":"map","entries":[["G",[[0.0,3.605551275463989,7.211102550927978,8.246211251235321,12.041594578792296,14.0,18.027756377319946,10.198039027185569,14.035668847618199,19.026297590440446,19.1049731745428,10.770329614269007,12.165525060596439,17.11724276862369,13.601470508735444,18.973665961010276,14.422205101855956,21.18962010041709],[3.605551275463989,0.0,3.605551275463989,6.082762530298219,10.198039027185569,12.36931687685298,16.492422502470642,8.06225774829855,12.165525060596439,17.11724276862369,17.029386365926403,8.06225774829855,10.04987562112089,15.033296378372908,11.045361017187261,16.278820596099706,11.180339887498949,18.439088914585774],[7.211102550927978,3.605551275463989,0.0,5.656854249492381,9.433981132056603,11.661903789690601,15.652475842498529,7.211102550927978,11.180339887498949,15.811388300841896,15.524174696260024,6.324555320336759,8.94427190999916,13.601470508735444,9.219544457292887,14.0,8.246211251235321,16.0312195418814],[8.246211251235321,6.082762530298219,5.656854249492381,0.0,4.123105625617661,6.324555320336759,10.44030650891055,2.0,6.082762530298219,11.045361017187261,11.0,2.8284271247461903,4.0,9.0,5.385164807134504,10.770329614269007,7.211102550927978,13.0],[12.041594578792296,10.198039027185569,9.433981132056603,4.123105625617661,0.0,2.23606797749979,6.324555320336759,2.23606797749979,2.0,7.0,7.0710678118654755,3.605551275463989,1.0,5.0990195135927845,3.1622776601683795,7.810249675906654,7.0,10.0],[14.0,12.36931687685298,11.661903789690601,6.324555320336759,2.23606797749979,0.0,4.123105625617661,4.47213595499958,1.0,5.0990195135927845,5.385164807134504,5.656854249492381,2.8284271247461903,3.605551275463989,4.123105625617661,7.211102550927978,8.246211251235321,9.219544457292887],[18.027756377319946,16.492422502470642,15.652475842498529,10.44030650891055,6.324555320336759,4.123105625617661,0.0,8.54400374531753,4.47213595499958,2.23606797749979,3.1622776601683795,9.433981132056603,6.708203932499369,3.1622776601683795,7.0710678118654755,7.0,10.816653826391969,8.246211251235321],[10.198039027185569,8.06225774829855,7.211102550927978,2.0,2.23606797749979,4.47213595499958,8.54400374531753,0.0,4.123105625617661,9.055385138137417,9.0,2.0,2.0,7.0,3.605551275463989,8.94427190999916,6.324555320336759,11.180339887498949],[14.035668847618199,12.165525060596439,11.180339887498949,6.082762530298219,2.0,1.0,4.47213595499958,4.123105625617661,0.0,5.0,5.0990195135927845,5.0,2.23606797749979,3.1622776601683795,3.1622776601683795,6.4031242374328485,7.280109889280518,8.48528137423857],[19.026297590440446,17.11724276862369,15.811388300841896,11.045361017187261,7.0,5.0990195135927845,2.23606797749979,9.055385138137417,5.0,0.0,1.0,9.486832980505138,7.0710678118654755,2.23606797749979,6.708203932499369,5.0990195135927845,9.899494936611665,6.082762530298219],[19.1049731745428,17.029386365926403,15.524174696260024,11.0,7.0710678118654755,5.385164807134504,3.1622776601683795,9.0,5.0990195135927845,1.0,0.0,9.219544457292887,7.0,2.0,6.324555320336759,4.123105625617661,9.219544457292887,5.0990195135927845],[10.770329614269007,8.06225774829855,6.324555320336759,2.8284271247461903,3.605551275463989,5.656854249492381,9.433981132056603,2.0,5.0,9.486832980505138,9.219544457292887,0.0,2.8284271247461903,7.280109889280518,3.0,8.246211251235321,4.47213595499958,10.44030650891055],[12.165525060596439,10.04987562112089,8.94427190999916,4.0,1.0,2.8284271247461903,6.708203932499369,2.0,2.23606797749979,7.0710678118654755,7.0,2.8284271247461903,0.0,5.0,2.23606797749979,7.211102550927978,6.0,9.433981132056603],[17.11724276862369,15.033296378372908,13.601470508735444,9.0,5.0990195135927845,3.605551275463989,3.1622776601683795,7.0,3.1622776601683795,2.23606797749979,2.0,7.280109889280518,5.0,0.0,4.47213595499958,4.123105625617661,7.810249675906654,5.830951894845301],[13.601470508735444,11.045361017187261,9.219544457292887,5.385164807134504,3.1622776601683795,4.123105625617661,7.0710678118654755,3.605551275463989,3.1622776601683795,6.708203932499369,6.324555320336759,3.0,2.23606797749979,4.47213595499958,0.0,5.385164807134504,4.123105625617661,7.615773105863909],[18.973665961010276,16.278820596099706,14.0,10.770329614269007,7.810249675906654,7.211102550927978,7.0,8.94427190999916,6.4031242374328485,5.0990195135927845,4.123105625617661,8.246211251235321,7.211102550927978,4.123105625617661,5.385164807134504,0.0,6.324555320336759,2.23606797749979],[14.422205101855956,11.180339887498949,8.246211251235321,7.211102550927978,7.0,8.246211251235321,10.816653826391969,6.324555320336759,7.280109889280518,9.899494936611665,9.219544457292887,4.47213595499958,6.0,7.810249675906654,4.123105625617661,6.324555320336759,0.0,8.06225774829855],[21.18962010041709,18.439088914585774,16.0312195418814,13.0,10.0,9.219544457292887,8.246211251235321,11.180339887498949,8.48528137423857,6.082762530298219,5.0990195135927845,10.44030650891055,9.433981132056603,5.830951894845301,7.615773105863909,2.23606797749979,8.06225774829855,0.0]]]]}}}],["cost",{"type":"object","name":"Div","id":"p1885","attributes":{"width":133,"align":"center","text":"0.0"}}],["error_msg",{"type":"object","name":"Div","id":"p1887","attributes":{"width":133,"align":"center"}}],["clicked",{"type":"object","name":"Div","id":"p1886","attributes":{"width":133,"align":"center","text":"[]"}}]]},"code":"/* Color Theme -- Using Google's Material Design Color System\n   https://material.io/design/color/the-color-system.html */\n\n/** @constant {string} */\nvar PRIMARY_COLOR = '#1565c0'\n/** @constant {string} */\nvar PRIMARY_LIGHT_COLOR = '#5e92f3'\n/** @constant {string} */\nvar PRIMARY_DARK_COLOR = '#003c8f'\n/** @constant {string} */\nvar SECONDARY_COLOR = '#d50000'\n/** @constant {string} */\nvar SECONDARY_LIGHT_COLOR = '#ff5131'\n/** @constant {string} */\nvar SECONDARY_DARK_COLOR = '#9b0000'\n\n// Grayscale\n/** @constant {string} */\nvar TERTIARY_COLOR = '#DFDFDF'\n/**\n *  Jupyter Notebook: 'white', Sphinx: '#FCFCFC'\n *  @constant {string}\n */\nvar TERTIARY_LIGHT_COLOR = 'white'\n/** @constant {string} */\nvar TERTIARY_DARK_COLOR = '#404040'\n/** @type {float[][]} */\nvar G\n/** @type {integer[]} */\nvar visited\n/** @type {integer[]} */\nvar unvisited\n/** @type {integer[][]} */\nvar tree_edges\n/** @type {integer[][]} */\nvar edge_ids\n/** @type {(integer[]|integer[][])} */\nvar clicked_list\n/** @type {integer} */\nvar i\n/** @type {integer} */\nvar u\n/** @type {integer} */\nvar v\n/** @type {float} */\nvar w\n\n\n/**\n * Check if the error message text indicates tour or tree is complete.\n */\nfunction check_done() {\n    if (error_msg.text == 'done.') {\n        return;\n    }\n}\n\n/**\n * Load the data necessary data for MST and shortest path tree creation.\n */\nfunction load_data() {\n    G = cost_matrix.data['G']\n    visited = source.data['visited']\n    unvisited = source.data['unvisited']\n    tree_edges = source.data['tree_edges']\n    edge_ids = source.data['edge_ids']\n    clicked_list = source.data['clicked']\n\n    i = source.data['last_index']\n    u = edges_src.data['u'][i]\n    v = edges_src.data['v'][i]\n    w = edges_src.data['weight'][i]\n}\n\n/**\n * Update node and edge highlighting upon a proper edge selection.\n */\nfunction select_edge() {\n    if (!visited.includes(v)) {\n        nodes_src.data['fill_color'][v] = PRIMARY_DARK_COLOR\n        nodes_src.data['line_color'][v] = PRIMARY_DARK_COLOR\n        visited.push(v)\n        unvisited.splice(unvisited.indexOf(v), 1)\n    }\n    if (!visited.includes(u)) {\n        nodes_src.data['fill_color'][u] = PRIMARY_DARK_COLOR\n        nodes_src.data['line_color'][u] = PRIMARY_DARK_COLOR\n        visited.push(u)\n        unvisited.splice(unvisited.indexOf(u), 1)\n    }\n    edges_src.data['line_color'][i] = TERTIARY_DARK_COLOR\n    tree_edges.push([u,v])\n    clicked_list = tree_edges\n    var prev_cost = parseFloat(cost.text)\n    cost.text = (prev_cost + w).toFixed(1)\n    error_msg.text = ''\n}\n\n/**\n * Iteration of Prim's algorithm.\n * Check if user-selected edge is a valid next edge. If valid, add the selected\n * edge. If not, an error message is returned.\n */\nfunction prims() {\n    var possible = {}\n    for (let i = 0; i &lt; visited.length; i++) {\n        for (let j = 0; j &lt; unvisited.length; j++) {\n            var a = visited[i]\n            var b = unvisited[j]\n            if (G[a][b] != 0) {\n                var id = edge_ids[a][b]\n                possible[id] = G[a][b]\n            }\n        }\n    }\n\n    var keys  = Object.keys(possible).sort(function(a,b) { return possible[a] - possible[b]; });\n    var valid = keys.filter(function(x) { return possible[x] == possible[keys[0]]; });\n\n    var first_edge = (visited.length == 0)\n    var u_in_tree = visited.includes(u)\n    var v_in_tree = visited.includes(v)\n    var one_in_tree = (u_in_tree &amp;&amp; !v_in_tree) || (!u_in_tree &amp;&amp; v_in_tree)\n\n    if (first_edge || one_in_tree) {\n        if (valid.includes(i.toString())) {\n            select_edge()\n        } else {\n            error_msg.text = 'Smaller weight edge exists.'\n        }\n    } else {\n        if (u_in_tree &amp;&amp; v_in_tree) {\n            error_msg.text = 'Edge creates a cycle.'\n        } else {\n            error_msg.text = 'Edge not adjacent to the current tree.'\n        }\n    }\n}\n\n/**\n * Iteration of Kruskal's algorithm.\n * Check if user-selected edge is a valid next edge. If valid, add the selected\n * edge. If not, an error message is returned.\n */\nfunction kruskals() {\n    var sorted_edges = source.data['sorted_edges']\n    var forest = source.data['forest']\n    var index = source.data['index'][0]\n\n    var a = sorted_edges[index][0]\n    var b = sorted_edges[index][1]\n    while (forest[a] == forest[b]) {\n        index += 1\n        a = sorted_edges[index][0]\n        b = sorted_edges[index][1]\n    }\n    var min_val = G[sorted_edges[index][0]][sorted_edges[index][1]]\n\n    if (forest[u] != forest[v]) {\n        if (G[u][v] == min_val) {\n            select_edge()\n            var x = forest[u]\n            var y = forest[v]\n            forest = forest.map(function(k) {if (k == y) {return x} else {return k} })\n            source.data['forest'] = forest\n            if (u == a &amp;&amp; v == b) {\n                index += 1\n            }\n        } else {\n             error_msg.text = 'Smaller weight edge exists.'\n        }\n    } else {\n        error_msg.text = 'This edge creates a cycle.'\n    }\n\n    source.data['index'][0] = index\n}\n\n/**\n * Return an array of length len where every element has the given value.\n * @param {float} value\n * @param {integer} len\n * @returns {float[]}\n */\nfunction fillArray(value, len) {\n    var a = [value];\n    while (a.length * 2 &lt;= len) a = a.concat(a);\n    if (a.length &lt; len) a = a.concat(a.slice(0, len - a.length));\n    return a;\n}\n\n/**\n * Return true iff the undirected graph G is connected.\n * @param {float[][]} G\n * @returns {boolean}\n */\nfunction is_connected(G) {\n    var check = fillArray(false, G.length)\n    check[0] = true\n    var checked = [0]\n\n    while (checked.length &gt; 0) {\n        var a = checked.shift()\n        for (let b = 0; b &lt; G[a].length; b++) {\n            if (G[a][b] &gt; 0 &amp;&amp; !check[b]) {\n                check[b] = true\n                checked.push(b)\n            }\n        }\n    }\n    return check.every(function(x) {return x})\n}\n\n/**\n * Iteration of reverse Kruskal's algorithm.\n * Check if user-selected edge is a valid next edge. If valid, add the selected\n * edge. If not, an error message is returned.\n */\nfunction reverse_kruskals() {\n    var sorted_edges = source.data['sorted_edges']\n    var index = source.data['index'][0]\n\n    var a = sorted_edges[index][0]\n    var b = sorted_edges[index][1]\n    var tmp_w = G[a][b]\n    G[a][b] = 0\n    G[b][a] = 0\n    while (!is_connected(G) || !tree_edges.includes(edge_ids[a][b])) {\n        G[a][b] = tmp_w\n        G[b][a] = tmp_w\n        index += 1\n        a = sorted_edges[index][0]\n        b = sorted_edges[index][1]\n        tmp_w = G[a][b]\n        G[a][b] = 0\n        G[b][a] = 0\n    }\n    G[a][b] = tmp_w\n    G[b][a] = tmp_w\n    var max_val = tmp_w\n\n    var tmp_w = w\n    G[u][v] = 0\n    G[v][u] = 0\n\n    let e = tree_edges.indexOf(i)\n    if (e &gt; -1) {\n        if (is_connected(G)) {\n            if (tmp_w == max_val) {\n                tree_edges.splice(e, 1);\n                if (u == a &amp;&amp; v == b) {\n                    index += 1\n                }\n                edges_src.data['line_color'][i] = TERTIARY_COLOR\n                var prev_cost = parseFloat(cost.text)\n                cost.text = (prev_cost - w).toFixed(1)\n                error_msg.text = ''\n            } else {\n                G[u][v] = tmp_w\n                G[v][u] = tmp_w\n                error_msg.text = 'Larger edge weight exists. Try ('\n                                  .concat(a.toString())\n                                  .concat(', ')\n                                  .concat(b.toString())\n                                  .concat(').')\n            }\n        } else {\n            G[u][v] = tmp_w\n            G[v][u] = tmp_w\n            error_msg.text = 'Removing this edge disconnects the graph.'\n        }\n    } else {\n        G[u][v] = tmp_w\n        G[v][u] = tmp_w\n        error_msg.text = 'Edge already removed.'\n    }\n\n    var u_list = edges_src.data['u']\n    var v_list = edges_src.data['v']\n    clicked_list = []\n    for (let i = 0; i &lt; tree_edges.length; i++) {\n        var edge = tree_edges[i]\n        clicked_list.push([u_list[edge], v_list[edge]])\n    }\n    source.data['index'][0] = index\n}\n\n/**\n * Final updates when creating an MST or shortest path tree.\n */\nfunction tree_update() {\n    if (tree_edges.length == nodes_src.data['x'].length - 1) {\n        error_msg.text = 'done.'\n    }\n\n    clicked.text = '['\n    for (let i = 0; i &lt; clicked_list.length; i++) {\n        var edge_str = clicked_list[i].join(',')\n        clicked.text = clicked.text.concat('(').concat(edge_str).concat(')')\n        if (!(i == clicked_list.length - 1)) {\n            clicked.text = clicked.text.concat(',')\n        }\n    }\n    clicked.text = clicked.text.concat(']')\n\n    source.change.emit()\n    nodes_src.change.emit()\n    edges_src.change.emit()\n}\n\n/**\n * Check if user-selected node is valid and add to tour if valid.\n */\nfunction create_tour_on_click () {\n    var v = source.data['last_index']\n    var n = nodes_src.data['line_color'].length\n    var tour = source.data['clicked']\n\n    if (tour.includes(v)) {\n        error_msg.text = 'This node is already in the tour.'\n        return;\n    } else {\n        error_msg.text = ''\n    }\n\n    function add_node(v) {\n        // add to cost\n        if (tour.length &gt; 0) {\n            var u = tour[tour.length - 1]\n            var prev_cost = parseFloat(cost.text)\n            cost.text = (prev_cost + cost_matrix.data['G'][u][v]).toFixed(1)\n        }\n\n        // add to tour\n        tour.push(v)\n        clicked.text = '['.concat(tour.join(',')).concat(']')\n\n        // highlight new node\n        nodes_src.data['line_color'][v] = PRIMARY_DARK_COLOR\n        nodes_src.data['fill_color'][v] = PRIMARY_DARK_COLOR\n\n        // highlight new edge\n        tour_src.data['edges_x'].push(nodes_src.data['x'][v])\n        tour_src.data['edges_y'].push(nodes_src.data['y'][v])\n    }\n\n    add_node(v)\n    if (tour.length == n) {\n        add_node(tour[0])\n        error_msg.text = 'done.'\n    }\n\n    source.change.emit()\n    tour_src.change.emit()\n    nodes_src.change.emit()\n}\n\n/**\n * Iteration of Dijkstra's algorithm.\n * Check if user-selected node is a valid next node. If valid, add the selected\n * node. If not, an error message is returned.\n */\nfunction dijkstras() {\n    var dist = source.data['dist']\n    var prev = source.data['prev']\n    var S = source.data['settled']\n    var F = source.data['frontier']\n\n    F.sort(function(a,b) {return dist[a] - dist[b]})\n\n    if (F.includes(i)) {\n        if (dist[i] == dist[F[0]]) {\n            var f = i\n            F.splice(F.indexOf(f), 1)\n            S.push(f)\n            for (let w = 0; w &lt; G.length; w++) {\n                if (G[f][w] != 0) {\n                    if (!S.includes(w) &amp;&amp; !F.includes(w)) {\n                        dist[w] = dist[f] + G[f][w]\n                        prev[w] = f\n                        F.push(w)\n                        var k = edge_ids[w][f]\n                        edges_src.data['line_color'][k] = TERTIARY_DARK_COLOR\n                    } else {\n                        if (dist[f] + G[f][w] &lt; dist[w]) {\n                            var k = edge_ids[prev[w]][w]\n                            edges_src.data['line_color'][k] = TERTIARY_COLOR\n\n                            dist[w] = dist[f] + G[f][w]\n                            prev[w] = f\n\n                            var k = edge_ids[f][w]\n                            edges_src.data['line_color'][k] = TERTIARY_DARK_COLOR\n                        }\n                    }\n                }\n            }\n            error_msg.text = ''\n        } else {\n            error_msg.text = 'A closer frontier node exists.'\n        }\n    } else {\n        error_msg.text = 'This node is not in the frontier set.'\n    }\n\n    for (let i = 0; i &lt; G.length; i++) {\n        // Highlight settled and frontier nodes\n        if (S.includes(i)) {\n            nodes_src.data['fill_color'][i] = PRIMARY_DARK_COLOR\n            nodes_src.data['line_color'][i] = PRIMARY_DARK_COLOR\n        } else if (F.includes(i)) {\n            nodes_src.data['fill_color'][i] = SECONDARY_COLOR\n            nodes_src.data['line_color'][i] = SECONDARY_DARK_COLOR\n        } else {\n            nodes_src.data['fill_color'][i] = PRIMARY_LIGHT_COLOR\n            nodes_src.data['line_color'][i] = PRIMARY_DARK_COLOR\n        }\n\n        // Update table source\n        var dist_text\n        var prev_text\n        if (isFinite(dist[i])) {\n            dist_text = dist[i].toFixed(1)\n        } else {\n            dist_text = 'inf'\n        }\n        if (S.includes(i)) {\n            dist_text = dist_text.concat('*')\n        }\n\n        if (isNaN(prev[i])) {\n            prev_text = '-'\n        } else {\n            prev_text = prev[i]\n        }\n        table_src.data[i.toString()] = [dist_text, prev_text]\n    }\n\n    if (F.length == 0) {\n        error_msg.text = 'done.'\n    }\n\n    source.change.emit()\n    nodes_src.change.emit()\n    edges_src.change.emit()\n    table_src.change.emit()\n}\n\n// BEGIN FUNCTION CALLING\ncheck_done()\ncreate_tour_on_click()\n"}}}}]}},"toolbar_location":null,"children":[[{"type":"object","name":"Figure","id":"p1805","attributes":{"width":400,"height":400,"x_range":{"type":"object","name":"Range1d","id":"p1815","attributes":{"start":-1.7000000000000002,"end":21.7}},"y_range":{"type":"object","name":"Range1d","id":"p1817","attributes":{"start":-0.765,"end":9.765}},"x_scale":{"type":"object","name":"LinearScale","id":"p1819"},"y_scale":{"type":"object","name":"LinearScale","id":"p1821"},"title":{"type":"object","name":"Title","id":"p1808"},"outline_line_color":null,"renderers":[{"id":"p1864"},{"type":"object","name":"GlyphRenderer","id":"p1882","attributes":{"level":"underlay","data_source":{"id":"p1873"},"view":{"type":"object","name":"CDSView","id":"p1883","attributes":{"filter":{"type":"object","name":"AllIndices","id":"p1884"}}},"glyph":{"type":"object","name":"Line","id":"p1879","attributes":{"x":{"type":"field","field":"edges_x"},"y":{"type":"field","field":"edges_y"},"line_color":"#404040","line_width":5,"line_cap":"round"}},"nonselection_glyph":{"type":"object","name":"Line","id":"p1880","attributes":{"x":{"type":"field","field":"edges_x"},"y":{"type":"field","field":"edges_y"},"line_color":"#404040","line_alpha":0.1,"line_width":5,"line_cap":"round"}},"muted_glyph":{"type":"object","name":"Line","id":"p1881","attributes":{"x":{"type":"field","field":"edges_x"},"y":{"type":"field","field":"edges_y"},"line_color":"#404040","line_alpha":0.2,"line_width":5,"line_cap":"round"}}}}],"toolbar":{"type":"object","name":"Toolbar","id":"p1812","attributes":{"logo":null,"tools":[{"id":"p1837"},{"id":"p1838"},{"id":"p1839"},{"type":"object","name":"SaveTool","id":"p1841"},{"id":"p1842"},{"id":"p1843"},{"id":"p1888"},{"id":"p1890"},{"id":"p1892"}],"active_drag":null,"active_scroll":null}},"toolbar_location":null,"left":[{"type":"object","name":"LinearAxis","id":"p1830","attributes":{"visible":false,"ticker":{"type":"object","name":"BasicTicker","id":"p1832","attributes":{"mantissas":[1,2,5]}},"formatter":{"type":"object","name":"BasicTickFormatter","id":"p1833"},"major_label_policy":{"type":"object","name":"AllLabels","id":"p1831"}}}],"below":[{"type":"object","name":"LinearAxis","id":"p1823","attributes":{"visible":false,"ticker":{"type":"object","name":"BasicTicker","id":"p1825","attributes":{"mantissas":[1,2,5]}},"formatter":{"type":"object","name":"BasicTickFormatter","id":"p1826"},"major_label_policy":{"type":"object","name":"AllLabels","id":"p1824"}}}],"center":[{"type":"object","name":"Grid","id":"p1829","attributes":{"axis":{"id":"p1823"},"grid_line_color":null}},{"type":"object","name":"Grid","id":"p1836","attributes":{"dimension":1,"axis":{"id":"p1830"},"grid_line_color":null}}],"background_fill_color":null,"border_fill_color":null}},0,0],[{"type":"object","name":"Row","id":"p1896","attributes":{"children":[{"id":"p1885"},{"id":"p1887"},{"id":"p1886"}]}},1,0]]}}]}}
    </script>
    <script type="text/javascript">
      (function() {
        const fn = function() {
          Bokeh.safely(function() {
            (function(root) {
              function embed_document(root) {
              const docs_json = document.getElementById('p2192').textContent;
              const render_items = [{"docid":"f91b9b68-6c0e-4d90-8d72-18bc5aa50f56","roots":{"p1923":"418a204e-0a56-4fc8-a45d-be31146e2e10"},"root_ids":["p1923"]}];
              root.Bokeh.embed.embed_items(docs_json, render_items);
              }
              if (root.Bokeh !== undefined) {
                embed_document(root);
              } else {
                let attempts = 0;
                const timer = setInterval(function(root) {
                  if (root.Bokeh !== undefined) {
                    clearInterval(timer);
                    embed_document(root);
                  } else {
                    attempts++;
                    if (attempts > 100) {
                      clearInterval(timer);
                      console.log("Bokeh: ERROR: Unable to run BokehJS code because BokehJS library is missing");
                    }
                  }
                }, 10, root)
              }
            })(window);
          });
        };
        if (document.readyState != "loading") fn();
        else document.addEventListener("DOMContentLoaded", fn);
      })();
    </script>
  </body>
</html>