



<!DOCTYPE html>
<html lang="en">
  
  <head>
    
      <meta charset="utf-8">
      <title>CREATE_TOUR</title>
      
      
        
          
        
        
          
        <script type="text/javascript" src="https://cdn.bokeh.org/bokeh/release/bokeh-2.2.3.min.js" integrity="sha384-T2yuo9Oe71Cz/I4X9Ac5+gpEa5a8PpJCDlqKYO0CfAuEszu1JrXLl8YugMqYe3sM" crossorigin="anonymous"></script>
        <script type="text/javascript" src="https://cdn.bokeh.org/bokeh/release/bokeh-widgets-2.2.3.min.js" integrity="sha384-98GDGJ0kOMCUMUePhksaQ/GYgB3+NH9h996V88sh3aOiUNX3N+fLXAtry6xctSZ6" crossorigin="anonymous"></script>
        <script type="text/javascript">
            Bokeh.set_log_level("info");
        </script>
        
      
      
    
  </head>
  
  
  <body>
    
      
        
          
          
            
              <div class="bk-root" id="39d9e720-7cc1-4cee-97de-6da8e7389fab" data-root-id="1454"></div>
            
          
        
      
      
        <script type="application/json" id="1581">
          {"f3e28d03-a7e5-41dc-877c-cc0449a09ca1":{"roots":{"references":[{"attributes":{"formatter":{"id":"1442"},"ticker":{"id":"1389"},"visible":false},"id":"1388","type":"LinearAxis"},{"attributes":{"align":"center","text":"0.0","width":133},"id":"1427","type":"Div"},{"attributes":{"active_drag":null,"active_inspect":"auto","active_multi":null,"active_scroll":null,"active_tap":"auto","logo":null,"tools":[{"id":"1396"},{"id":"1397"},{"id":"1398"},{"id":"1399"},{"id":"1400"},{"id":"1401"},{"id":"1430"},{"id":"1432"},{"id":"1434"}]},"id":"1403","type":"Toolbar"},{"attributes":{"line_alpha":0.1,"line_cap":"round","line_color":"#404040","line_width":5,"x":{"field":"edges_x"},"y":{"field":"edges_y"}},"id":"1424","type":"Line"},{"attributes":{},"id":"1401","type":"HelpTool"},{"attributes":{},"id":"1452","type":"UnionRenderers"},{"attributes":{},"id":"1400","type":"ResetTool"},{"attributes":{"source":{"id":"1421"}},"id":"1426","type":"CDSView"},{"attributes":{},"id":"1399","type":"SaveTool"},{"attributes":{"end":9.765,"start":-0.765},"id":"1382","type":"Range1d"},{"attributes":{"data":{"G":[[0.0,3.605551275463989,7.211102550927978,8.246211251235321,12.041594578792296,14.0,18.027756377319946,10.198039027185569,14.035668847618199,19.026297590440446,19.1049731745428,10.770329614269007,12.165525060596439,17.11724276862369,13.601470508735444,18.973665961010276,14.422205101855956,21.18962010041709],[3.605551275463989,0.0,3.605551275463989,6.082762530298219,10.198039027185569,12.36931687685298,16.492422502470642,8.06225774829855,12.165525060596439,17.11724276862369,17.029386365926403,8.06225774829855,10.04987562112089,15.033296378372908,11.045361017187261,16.278820596099706,11.180339887498949,18.439088914585774],[7.211102550927978,3.605551275463989,0.0,5.656854249492381,9.433981132056603,11.661903789690601,15.652475842498529,7.211102550927978,11.180339887498949,15.811388300841896,15.524174696260024,6.324555320336759,8.94427190999916,13.601470508735444,9.219544457292887,14.0,8.246211251235321,16.0312195418814],[8.246211251235321,6.082762530298219,5.656854249492381,0.0,4.123105625617661,6.324555320336759,10.44030650891055,2.0,6.082762530298219,11.045361017187261,11.0,2.8284271247461903,4.0,9.0,5.385164807134504,10.770329614269007,7.211102550927978,13.0],[12.041594578792296,10.198039027185569,9.433981132056603,4.123105625617661,0.0,2.23606797749979,6.324555320336759,2.23606797749979,2.0,7.0,7.0710678118654755,3.605551275463989,1.0,5.0990195135927845,3.1622776601683795,7.810249675906654,7.0,10.0],[14.0,12.36931687685298,11.661903789690601,6.324555320336759,2.23606797749979,0.0,4.123105625617661,4.47213595499958,1.0,5.0990195135927845,5.385164807134504,5.656854249492381,2.8284271247461903,3.605551275463989,4.123105625617661,7.211102550927978,8.246211251235321,9.219544457292887],[18.027756377319946,16.492422502470642,15.652475842498529,10.44030650891055,6.324555320336759,4.123105625617661,0.0,8.54400374531753,4.47213595499958,2.23606797749979,3.1622776601683795,9.433981132056603,6.708203932499369,3.1622776601683795,7.0710678118654755,7.0,10.816653826391969,8.246211251235321],[10.198039027185569,8.06225774829855,7.211102550927978,2.0,2.23606797749979,4.47213595499958,8.54400374531753,0.0,4.123105625617661,9.055385138137417,9.0,2.0,2.0,7.0,3.605551275463989,8.94427190999916,6.324555320336759,11.180339887498949],[14.035668847618199,12.165525060596439,11.180339887498949,6.082762530298219,2.0,1.0,4.47213595499958,4.123105625617661,0.0,5.0,5.0990195135927845,5.0,2.23606797749979,3.1622776601683795,3.1622776601683795,6.4031242374328485,7.280109889280518,8.48528137423857],[19.026297590440446,17.11724276862369,15.811388300841896,11.045361017187261,7.0,5.0990195135927845,2.23606797749979,9.055385138137417,5.0,0.0,1.0,9.486832980505138,7.0710678118654755,2.23606797749979,6.708203932499369,5.0990195135927845,9.899494936611665,6.082762530298219],[19.1049731745428,17.029386365926403,15.524174696260024,11.0,7.0710678118654755,5.385164807134504,3.1622776601683795,9.0,5.0990195135927845,1.0,0.0,9.219544457292887,7.0,2.0,6.324555320336759,4.123105625617661,9.219544457292887,5.0990195135927845],[10.770329614269007,8.06225774829855,6.324555320336759,2.8284271247461903,3.605551275463989,5.656854249492381,9.433981132056603,2.0,5.0,9.486832980505138,9.219544457292887,0.0,2.8284271247461903,7.280109889280518,3.0,8.246211251235321,4.47213595499958,10.44030650891055],[12.165525060596439,10.04987562112089,8.94427190999916,4.0,1.0,2.8284271247461903,6.708203932499369,2.0,2.23606797749979,7.0710678118654755,7.0,2.8284271247461903,0.0,5.0,2.23606797749979,7.211102550927978,6.0,9.433981132056603],[17.11724276862369,15.033296378372908,13.601470508735444,9.0,5.0990195135927845,3.605551275463989,3.1622776601683795,7.0,3.1622776601683795,2.23606797749979,2.0,7.280109889280518,5.0,0.0,4.47213595499958,4.123105625617661,7.810249675906654,5.830951894845301],[13.601470508735444,11.045361017187261,9.219544457292887,5.385164807134504,3.1622776601683795,4.123105625617661,7.0710678118654755,3.605551275463989,3.1622776601683795,6.708203932499369,6.324555320336759,3.0,2.23606797749979,4.47213595499958,0.0,5.385164807134504,4.123105625617661,7.615773105863909],[18.973665961010276,16.278820596099706,14.0,10.770329614269007,7.810249675906654,7.211102550927978,7.0,8.94427190999916,6.4031242374328485,5.0990195135927845,4.123105625617661,8.246211251235321,7.211102550927978,4.123105625617661,5.385164807134504,0.0,6.324555320336759,2.23606797749979],[14.422205101855956,11.180339887498949,8.246211251235321,7.211102550927978,7.0,8.246211251235321,10.816653826391969,6.324555320336759,7.280109889280518,9.899494936611665,9.219544457292887,4.47213595499958,6.0,7.810249675906654,4.123105625617661,6.324555320336759,0.0,8.06225774829855],[21.18962010041709,18.439088914585774,16.0312195418814,13.0,10.0,9.219544457292887,8.246211251235321,11.180339887498949,8.48528137423857,6.082762530298219,5.0990195135927845,10.44030650891055,9.433981132056603,5.830951894845301,7.615773105863909,2.23606797749979,8.06225774829855,0.0]]},"selected":{"id":"1451"},"selection_policy":{"id":"1452"}},"id":"1420","type":"ColumnDataSource"},{"attributes":{"fill_color":{"field":"fill_color"},"line_color":{"field":"line_color"},"line_width":{"field":"line_width"},"size":{"units":"screen","value":11},"x":{"field":"x"},"y":{"field":"y"}},"id":"1415","type":"Circle"},{"attributes":{"align":"center","text":"[]","width":133},"id":"1428","type":"Div"},{"attributes":{"data_source":{"id":"1421"},"glyph":{"id":"1423"},"hover_glyph":null,"level":"underlay","muted_glyph":null,"nonselection_glyph":{"id":"1424"},"selection_glyph":null,"view":{"id":"1426"}},"id":"1425","type":"GlyphRenderer"},{"attributes":{"axis":{"id":"1392"},"dimension":1,"grid_line_color":null,"ticker":null},"id":"1395","type":"Grid"},{"attributes":{"data":{"clicked":[],"edge_ids":[],"tree_edges":[],"unvisited":[0,1,2,3,4,5,6,7,8,9,10,11,12,13,14,15,16,17],"visited":[]},"selected":{"id":"1449"},"selection_policy":{"id":"1450"}},"id":"1419","type":"ColumnDataSource"},{"attributes":{},"id":"1442","type":"BasicTickFormatter"},{"attributes":{},"id":"1450","type":"UnionRenderers"},{"attributes":{},"id":"1384","type":"LinearScale"},{"attributes":{"align":"center","width":133},"id":"1429","type":"Div"},{"attributes":{"args":{"source":{"id":"1419"}},"code":"source.data['last_index'] = cb_data.index.indices[0]"},"id":"1431","type":"CustomJS"},{"attributes":{"data":{"fill_color":["#5e92f3","#5e92f3","#5e92f3","#5e92f3","#5e92f3","#5e92f3","#5e92f3","#5e92f3","#5e92f3","#5e92f3","#5e92f3","#5e92f3","#5e92f3","#5e92f3","#5e92f3","#5e92f3","#5e92f3","#5e92f3"],"line_color":["#003c8f","#003c8f","#003c8f","#003c8f","#003c8f","#003c8f","#003c8f","#003c8f","#003c8f","#003c8f","#003c8f","#003c8f","#003c8f","#003c8f","#003c8f","#003c8f","#003c8f","#003c8f"],"line_width":[3,3,3,3,3,3,3,3,3,3,3,3,3,3,3,3,3,3],"x":[0,2,4,8,12,14,18,10,14,19,19,10,12,17,13,18,12,20],"y":[8,5,2,6,7,8,9,6,7,7,6,4,6,6,4,2,0,1]},"selected":{"id":"1444"},"selection_policy":{"id":"1445"}},"id":"1413","type":"ColumnDataSource"},{"attributes":{"text":""},"id":"1378","type":"Title"},{"attributes":{"callback":{"id":"1431"},"renderers":[{"id":"1417"}],"tooltips":null},"id":"1432","type":"HoverTool"},{"attributes":{"bottom_units":"screen","fill_alpha":0.5,"fill_color":"lightgrey","left_units":"screen","level":"overlay","line_alpha":1.0,"line_color":"black","line_dash":[4,4],"line_width":2,"right_units":"screen","top_units":"screen"},"id":"1402","type":"BoxAnnotation"},{"attributes":{"end":21.7,"start":-1.7000000000000002},"id":"1380","type":"Range1d"},{"attributes":{"callback":null,"renderers":[{"id":"1417"}],"tooltips":[["Node","$index"]]},"id":"1430","type":"HoverTool"},{"attributes":{},"id":"1447","type":"UnionRenderers"},{"attributes":{"children":[{"id":"1427"},{"id":"1429"},{"id":"1428"}]},"id":"1438","type":"Row"},{"attributes":{},"id":"1449","type":"Selection"},{"attributes":{"children":[[{"id":"1377"},0,0],[{"id":"1438"},1,0]]},"id":"1454","type":"GridBox"},{"attributes":{"overlay":{"id":"1402"}},"id":"1398","type":"BoxZoomTool"},{"attributes":{"callback":{"id":"1433"},"renderers":[{"id":"1417"}]},"id":"1434","type":"TapTool"},{"attributes":{},"id":"1397","type":"WheelZoomTool"},{"attributes":{},"id":"1440","type":"BasicTickFormatter"},{"attributes":{},"id":"1451","type":"Selection"},{"attributes":{"background_fill_color":null,"below":[{"id":"1388"}],"border_fill_color":null,"center":[{"id":"1391"},{"id":"1395"}],"left":[{"id":"1392"}],"outline_line_color":null,"plot_height":400,"plot_width":400,"renderers":[{"id":"1417"},{"id":"1425"}],"title":{"id":"1378"},"toolbar":{"id":"1403"},"toolbar_location":null,"x_range":{"id":"1380"},"x_scale":{"id":"1384"},"y_range":{"id":"1382"},"y_scale":{"id":"1386"}},"id":"1377","subtype":"Figure","type":"Plot"},{"attributes":{"args":{"clicked":{"id":"1428"},"cost":{"id":"1427"},"cost_matrix":{"id":"1420"},"error_msg":{"id":"1429"},"nodes_src":{"id":"1413"},"source":{"id":"1419"},"tour_src":{"id":"1421"}},"code":"/* Color Theme -- Using Google's Material Design Color System\n   https://material.io/design/color/the-color-system.html */\n\n/** @constant {string} */\nvar PRIMARY_COLOR = '#1565c0'\n/** @constant {string} */\nvar PRIMARY_LIGHT_COLOR = '#5e92f3'\n/** @constant {string} */\nvar PRIMARY_DARK_COLOR = '#003c8f'\n/** @constant {string} */\nvar SECONDARY_COLOR = '#d50000'\n/** @constant {string} */\nvar SECONDARY_LIGHT_COLOR = '#ff5131'\n/** @constant {string} */\nvar SECONDARY_DARK_COLOR = '#9b0000'\n\n// Grayscale\n/** @constant {string} */\nvar TERTIARY_COLOR = '#DFDFDF'\n/**\n *  Jupyter Notebook: 'white', Sphinx: '#FCFCFC'\n *  @constant {string}\n */\nvar TERTIARY_LIGHT_COLOR = 'white'\n/** @constant {string} */\nvar TERTIARY_DARK_COLOR = '#404040'\n/** @type {float[][]} */\nvar G\n/** @type {integer[]} */\nvar visited\n/** @type {integer[]} */\nvar unvisited\n/** @type {integer[][]} */\nvar tree_edges\n/** @type {integer[][]} */\nvar edge_ids\n/** @type {(integer[]|integer[][])} */\nvar clicked_list\n/** @type {integer} */\nvar i\n/** @type {integer} */\nvar u\n/** @type {integer} */\nvar v\n/** @type {float} */\nvar w\n\n\n/**\n * Check if the error message text indicates tour or tree is complete.\n */\nfunction check_done() {\n    if (error_msg.text == 'done.') {\n        return;\n    }\n}\n\n/**\n * Load the data necessary data for MST and shortest path tree creation.\n */\nfunction load_data() {\n    G = cost_matrix.data['G']\n    visited = source.data['visited']\n    unvisited = source.data['unvisited']\n    tree_edges = source.data['tree_edges']\n    edge_ids = source.data['edge_ids']\n    clicked_list = source.data['clicked']\n\n    i = source.data['last_index']\n    u = edges_src.data['u'][i]\n    v = edges_src.data['v'][i]\n    w = edges_src.data['weight'][i]\n}\n\n/**\n * Update node and edge highlighting upon a proper edge selection.\n */\nfunction select_edge() {\n    if (!visited.includes(v)) {\n        nodes_src.data['fill_color'][v] = PRIMARY_DARK_COLOR\n        nodes_src.data['line_color'][v] = PRIMARY_DARK_COLOR\n        visited.push(v)\n        unvisited.splice(unvisited.indexOf(v), 1)\n    }\n    if (!visited.includes(u)) {\n        nodes_src.data['fill_color'][u] = PRIMARY_DARK_COLOR\n        nodes_src.data['line_color'][u] = PRIMARY_DARK_COLOR\n        visited.push(u)\n        unvisited.splice(unvisited.indexOf(u), 1)\n    }\n    edges_src.data['line_color'][i] = TERTIARY_DARK_COLOR\n    tree_edges.push([u,v])\n    clicked_list = tree_edges\n    var prev_cost = parseFloat(cost.text)\n    cost.text = (prev_cost + w).toFixed(1)\n    error_msg.text = ''\n}\n\n/**\n * Iteration of Prim's algorithm.\n * Check if user-selected edge is a valid next edge. If valid, add the selected\n * edge. If not, an error message is returned.\n */\nfunction prims() {\n    var possible = {}\n    for (let i = 0; i &lt; visited.length; i++) {\n        for (let j = 0; j &lt; unvisited.length; j++) {\n            var a = visited[i]\n            var b = unvisited[j]\n            if (G[a][b] != 0) {\n                var id = edge_ids[a][b]\n                possible[id] = G[a][b]\n            }\n        }\n    }\n\n    var keys  = Object.keys(possible).sort(function(a,b) { return possible[a] - possible[b]; });\n    var valid = keys.filter(function(x) { return possible[x] == possible[keys[0]]; });\n\n    var first_edge = (visited.length == 0)\n    var u_in_tree = visited.includes(u)\n    var v_in_tree = visited.includes(v)\n    var one_in_tree = (u_in_tree &amp;&amp; !v_in_tree) || (!u_in_tree &amp;&amp; v_in_tree)\n\n    if (first_edge || one_in_tree) {\n        if (valid.includes(i.toString())) {\n            select_edge()\n        } else {\n            error_msg.text = 'Smaller weight edge exists.'\n        }\n    } else {\n        if (u_in_tree &amp;&amp; v_in_tree) {\n            error_msg.text = 'Edge creates a cycle.'\n        } else {\n            error_msg.text = 'Edge not adjacent to the current tree.'\n        }\n    }\n}\n\n/**\n * Iteration of Kruskal's algorithm.\n * Check if user-selected edge is a valid next edge. If valid, add the selected\n * edge. If not, an error message is returned.\n */\nfunction kruskals() {\n    var sorted_edges = source.data['sorted_edges']\n    var forest = source.data['forest']\n    var index = source.data['index'][0]\n\n    var a = sorted_edges[index][0]\n    var b = sorted_edges[index][1]\n    while (forest[a] == forest[b]) {\n        index += 1\n        a = sorted_edges[index][0]\n        b = sorted_edges[index][1]\n    }\n    var min_val = G[sorted_edges[index][0]][sorted_edges[index][1]]\n\n    if (forest[u] != forest[v]) {\n        if (G[u][v] == min_val) {\n            select_edge()\n            var x = forest[u]\n            var y = forest[v]\n            forest = forest.map(function(k) {if (k == y) {return x} else {return k} })\n            source.data['forest'] = forest\n            if (u == a &amp;&amp; v == b) {\n                index += 1\n            }\n        } else {\n             error_msg.text = 'Smaller weight edge exists.'\n        }\n    } else {\n        error_msg.text = 'This edge creates a cycle.'\n    }\n\n    source.data['index'][0] = index\n}\n\n/**\n * Return an array of length len where every element has the given value.\n * @param {float} value\n * @param {integer} len\n * @returns {float[]}\n */\nfunction fillArray(value, len) {\n    var a = [value];\n    while (a.length * 2 &lt;= len) a = a.concat(a);\n    if (a.length &lt; len) a = a.concat(a.slice(0, len - a.length));\n    return a;\n}\n\n/**\n * Return true iff the undirected graph G is connected.\n * @param {float[][]} G\n * @returns {boolean}\n */\nfunction is_connected(G) {\n    var check = fillArray(false, G.length)\n    check[0] = true\n    var checked = [0]\n\n    while (checked.length &gt; 0) {\n        var a = checked.shift()\n        for (let b = 0; b &lt; G[a].length; b++) {\n            if (G[a][b] &gt; 0 &amp;&amp; !check[b]) {\n                check[b] = true\n                checked.push(b)\n            }\n        }\n    }\n    return check.every(function(x) {return x})\n}\n\n/**\n * Iteration of reverse Kruskal's algorithm.\n * Check if user-selected edge is a valid next edge. If valid, add the selected\n * edge. If not, an error message is returned.\n */\nfunction reverse_kruskals() {\n    var sorted_edges = source.data['sorted_edges']\n    var index = source.data['index'][0]\n\n    var a = sorted_edges[index][0]\n    var b = sorted_edges[index][1]\n    var tmp_w = G[a][b]\n    G[a][b] = 0\n    G[b][a] = 0\n    while (!is_connected(G) || !tree_edges.includes(edge_ids[a][b])) {\n        G[a][b] = tmp_w\n        G[b][a] = tmp_w\n        index += 1\n        a = sorted_edges[index][0]\n        b = sorted_edges[index][1]\n        tmp_w = G[a][b]\n        G[a][b] = 0\n        G[b][a] = 0\n    }\n    G[a][b] = tmp_w\n    G[b][a] = tmp_w\n    var max_val = tmp_w\n\n    var tmp_w = w\n    G[u][v] = 0\n    G[v][u] = 0\n\n    let e = tree_edges.indexOf(i)\n    if (e &gt; -1) {\n        if (is_connected(G)) {\n            if (tmp_w == max_val) {\n                tree_edges.splice(e, 1);\n                if (u == a &amp;&amp; v == b) {\n                    index += 1\n                }\n                edges_src.data['line_color'][i] = TERTIARY_COLOR\n                var prev_cost = parseFloat(cost.text)\n                cost.text = (prev_cost - w).toFixed(1)\n                error_msg.text = ''\n            } else {\n                G[u][v] = tmp_w\n                G[v][u] = tmp_w\n                error_msg.text = 'Larger edge weight exists. Try ('\n                                  .concat(a.toString())\n                                  .concat(', ')\n                                  .concat(b.toString())\n                                  .concat(').')\n            }\n        } else {\n            G[u][v] = tmp_w\n            G[v][u] = tmp_w\n            error_msg.text = 'Removing this edge disconnects the graph.'\n        }\n    } else {\n        G[u][v] = tmp_w\n        G[v][u] = tmp_w\n        error_msg.text = 'Edge already removed.'\n    }\n\n    var u_list = edges_src.data['u']\n    var v_list = edges_src.data['v']\n    clicked_list = []\n    for (let i = 0; i &lt; tree_edges.length; i++) {\n        var edge = tree_edges[i]\n        clicked_list.push([u_list[edge], v_list[edge]])\n    }\n    source.data['index'][0] = index\n}\n\n/**\n * Final updates when creating an MST or shortest path tree.\n */\nfunction tree_update() {\n    if (tree_edges.length == nodes_src.data['x'].length - 1) {\n        error_msg.text = 'done.'\n    }\n\n    clicked.text = '['\n    for (let i = 0; i &lt; clicked_list.length; i++) {\n        var edge_str = clicked_list[i].join(',')\n        clicked.text = clicked.text.concat('(').concat(edge_str).concat(')')\n        if (!(i == clicked_list.length - 1)) {\n            clicked.text = clicked.text.concat(',')\n        }\n    }\n    clicked.text = clicked.text.concat(']')\n\n    source.change.emit()\n    nodes_src.change.emit()\n    edges_src.change.emit()\n}\n\n/**\n * Check if user-selected node is valid and add to tour if valid.\n */\nfunction create_tour_on_click () {\n    var v = source.data['last_index']\n    var n = nodes_src.data['line_color'].length\n    var tour = source.data['clicked']\n\n    if (tour.includes(v)) {\n        error_msg.text = 'This node is already in the tour.'\n        return;\n    } else {\n        error_msg.text = ''\n    }\n\n    function add_node(v) {\n        // add to cost\n        if (tour.length &gt; 0) {\n            var u = tour[tour.length - 1]\n            var prev_cost = parseFloat(cost.text)\n            cost.text = (prev_cost + cost_matrix.data['G'][u][v]).toFixed(1)\n        }\n\n        // add to tour\n        tour.push(v)\n        clicked.text = '['.concat(tour.join(',')).concat(']')\n\n        // highlight new node\n        nodes_src.data['line_color'][v] = PRIMARY_DARK_COLOR\n        nodes_src.data['fill_color'][v] = PRIMARY_DARK_COLOR\n\n        // highlight new edge\n        tour_src.data['edges_x'].push(nodes_src.data['x'][v])\n        tour_src.data['edges_y'].push(nodes_src.data['y'][v])\n    }\n\n    add_node(v)\n    if (tour.length == n) {\n        add_node(tour[0])\n        error_msg.text = 'done.'\n    }\n\n    source.change.emit()\n    tour_src.change.emit()\n    nodes_src.change.emit()\n}\n\n/**\n * Iteration of Dijkstra's algorithm.\n * Check if user-selected node is a valid next node. If valid, add the selected\n * node. If not, an error message is returned.\n */\nfunction dijkstras() {\n    var dist = source.data['dist']\n    var prev = source.data['prev']\n    var S = source.data['settled']\n    var F = source.data['frontier']\n\n    F.sort(function(a,b) {return dist[a] - dist[b]})\n\n    if (F.includes(i)) {\n        if (dist[i] == dist[F[0]]) {\n            var f = i\n            F.splice(F.indexOf(f), 1)\n            S.push(f)\n            for (let w = 0; w &lt; G.length; w++) {\n                if (G[f][w] != 0) {\n                    if (!S.includes(w) &amp;&amp; !F.includes(w)) {\n                        dist[w] = dist[f] + G[f][w]\n                        prev[w] = f\n                        F.push(w)\n                        var k = edge_ids[w][f]\n                        edges_src.data['line_color'][k] = TERTIARY_DARK_COLOR\n                    } else {\n                        if (dist[f] + G[f][w] &lt; dist[w]) {\n                            var k = edge_ids[prev[w]][w]\n                            edges_src.data['line_color'][k] = TERTIARY_COLOR\n\n                            dist[w] = dist[f] + G[f][w]\n                            prev[w] = f\n\n                            var k = edge_ids[f][w]\n                            edges_src.data['line_color'][k] = TERTIARY_DARK_COLOR\n                        }\n                    }\n                }\n            }\n            error_msg.text = ''\n        } else {\n            error_msg.text = 'A closer frontier node exists.'\n        }\n    } else {\n        error_msg.text = 'This node is not in the frontier set.'\n    }\n\n    for (let i = 0; i &lt; G.length; i++) {\n        // Highlight settled and frontier nodes\n        if (S.includes(i)) {\n            nodes_src.data['fill_color'][i] = PRIMARY_DARK_COLOR\n            nodes_src.data['line_color'][i] = PRIMARY_DARK_COLOR\n        } else if (F.includes(i)) {\n            nodes_src.data['fill_color'][i] = SECONDARY_LIGHT_COLOR\n            nodes_src.data['line_color'][i] = SECONDARY_DARK_COLOR\n        } else {\n            nodes_src.data['fill_color'][i] = PRIMARY_LIGHT_COLOR\n            nodes_src.data['line_color'][i] = PRIMARY_DARK_COLOR\n        }\n\n        // Update table source\n        var dist_text\n        var prev_text\n        if (isFinite(dist[i])) {\n            dist_text = dist[i].toFixed(1)\n        } else {\n            dist_text = 'inf'\n        }\n        if (S.includes(i)) {\n            dist_text = dist_text.concat('*')\n        }\n\n        if (isNaN(prev[i])) {\n            prev_text = '-'\n        } else {\n            prev_text = prev[i]\n        }\n        table_src.data[i.toString()] = [dist_text, prev_text]\n    }\n\n    if (F.length == 0) {\n        error_msg.text = 'done.'\n    }\n\n    source.change.emit()\n    nodes_src.change.emit()\n    edges_src.change.emit()\n    table_src.change.emit()\n}\n\n// BEGIN FUNCTION CALLING\ncheck_done()\ncreate_tour_on_click()\n"},"id":"1433","type":"CustomJS"},{"attributes":{"data":{"edges_x":[],"edges_y":[]},"selected":{"id":"1446"},"selection_policy":{"id":"1447"}},"id":"1421","type":"ColumnDataSource"},{"attributes":{},"id":"1446","type":"Selection"},{"attributes":{},"id":"1389","type":"BasicTicker"},{"attributes":{"axis":{"id":"1388"},"grid_line_color":null,"ticker":null},"id":"1391","type":"Grid"},{"attributes":{},"id":"1445","type":"UnionRenderers"},{"attributes":{},"id":"1396","type":"PanTool"},{"attributes":{"source":{"id":"1413"}},"id":"1418","type":"CDSView"},{"attributes":{"fill_color":{"field":"fill_color"},"line_color":{"field":"line_color"},"line_width":{"field":"line_width"},"size":{"units":"screen","value":11},"x":{"field":"x"},"y":{"field":"y"}},"id":"1416","type":"Circle"},{"attributes":{},"id":"1444","type":"Selection"},{"attributes":{},"id":"1393","type":"BasicTicker"},{"attributes":{},"id":"1386","type":"LinearScale"},{"attributes":{"data_source":{"id":"1413"},"glyph":{"id":"1415"},"hover_glyph":null,"muted_glyph":null,"nonselection_glyph":{"id":"1416"},"selection_glyph":null,"view":{"id":"1418"}},"id":"1417","type":"GlyphRenderer"},{"attributes":{"formatter":{"id":"1440"},"ticker":{"id":"1393"},"visible":false},"id":"1392","type":"LinearAxis"},{"attributes":{"line_cap":"round","line_color":"#404040","line_width":5,"x":{"field":"edges_x"},"y":{"field":"edges_y"}},"id":"1423","type":"Line"}],"root_ids":["1454"]},"title":"Bokeh Application","version":"2.2.3"}}
        </script>
        <script type="text/javascript">
          (function() {
            var fn = function() {
              Bokeh.safely(function() {
                (function(root) {
                  function embed_document(root) {
                    
                  var docs_json = document.getElementById('1581').textContent;
                  var render_items = [{"docid":"f3e28d03-a7e5-41dc-877c-cc0449a09ca1","root_ids":["1454"],"roots":{"1454":"39d9e720-7cc1-4cee-97de-6da8e7389fab"}}];
                  root.Bokeh.embed.embed_items(docs_json, render_items);
                
                  }
                  if (root.Bokeh !== undefined) {
                    embed_document(root);
                  } else {
                    var attempts = 0;
                    var timer = setInterval(function(root) {
                      if (root.Bokeh !== undefined) {
                        clearInterval(timer);
                        embed_document(root);
                      } else {
                        attempts++;
                        if (attempts > 100) {
                          clearInterval(timer);
                          console.log("Bokeh: ERROR: Unable to run BokehJS code because BokehJS library is missing");
                        }
                      }
                    }, 10, root)
                  }
                })(window);
              });
            };
            if (document.readyState != "loading") fn();
            else document.addEventListener("DOMContentLoaded", fn);
          })();
        </script>
    
  </body>
  
</html>